1D 255 -512,000000 260608,000000	[nbin xmin xmax]
"X"	"Function_0"
0,000000	1,524668
1024,000000	3,524408
2048,000000	7,330656
3072,000000	10,622500
4096,000000	14,435156
5120,000000	17,433984
6144,000000	21,364062
7168,000000	24,516328
8192,000000	28,011250
9216,000000	31,088438
10240,000000	34,712344
11264,000000	38,003438
12288,000000	41,411250
13312,000000	44,560234
14336,000000	48,044844
15360,000000	51,080391
16384,000000	54,431328
17408,000000	57,899609
18432,000000	61,846406
19456,000000	64,307500
20480,000000	67,452969
21504,000000	71,141250
22528,000000	73,812656
23552,000000	77,194844
24576,000000	80,003047
25600,000000	83,163516
26624,000000	86,526562
27648,000000	89,422344
28672,000000	92,534688
29696,000000	95,511641
30720,000000	98,005000
31744,000000	101,425313
32768,000000	104,438437
33792,000000	107,279062
34816,000000	110,268047
35840,000000	113,073359
36864,000000	115,663047
37888,000000	118,725781
38912,000000	121,275469
39936,000000	123,720234
40960,000000	126,800938
41984,000000	129,189531
43008,000000	132,045547
44032,000000	134,434844
45056,000000	136,729063
46080,000000	139,419297
47104,000000	142,008516
48128,000000	144,324375
49152,000000	146,825391
50176,000000	149,253281
51200,000000	151,498672
52224,000000	153,805156
53248,000000	156,340391
54272,000000	158,353203
55296,000000	160,937500
56320,000000	163,284453
57344,000000	165,410938
58368,000000	167,422031
59392,000000	169,294297
60416,000000	171,533125
61440,000000	173,738828
62464,000000	175,722187
63488,000000	177,683359
64512,000000	179,652734
65536,000000	182,057656
66560,000000	184,104375
67584,000000	185,632734
68608,000000	187,724922
69632,000000	189,331797
70656,000000	191,273984
71680,000000	193,051641
72704,000000	194,711328
73728,000000	196,365859
74752,000000	198,130547
75776,000000	199,825156
76800,000000	201,231641
77824,000000	203,100469
78848,000000	204,553125
79872,000000	206,303984
80896,000000	207,653359
81920,000000	209,322188
82944,000000	210,707656
83968,000000	212,218906
84992,000000	213,621563
86016,000000	214,942891
87040,000000	216,319141
88064,000000	217,754063
89088,000000	219,150000
90112,000000	220,405078
91136,000000	221,770078
92160,000000	223,080000
93184,000000	224,073281
94208,000000	225,343672
95232,000000	226,496953
96256,000000	227,485312
97280,000000	228,576016
98304,000000	230,068281
99328,000000	231,026094
100352,000000	232,020781
101376,000000	233,237578
102400,000000	234,052891
103424,000000	235,011484
104448,000000	236,024141
105472,000000	237,002578
106496,000000	237,984922
107520,000000	238,820547
108544,000000	239,847500
109568,000000	240,577891
110592,000000	241,553203
111616,000000	242,209453
112640,000000	242,974531
113664,000000	243,780859
114688,000000	244,538828
115712,000000	245,364453
116736,000000	245,956641
117760,000000	246,688437
118784,000000	247,469141
119808,000000	248,113516
120832,000000	248,788203
121856,000000	249,514453
122880,000000	250,056563
123904,000000	250,595937
124928,000000	251,336641
125952,000000	251,680781
126976,000000	252,242969
128000,000000	252,754297
129024,000000	253,691641
130048,000000	253,979297
131072,000000	254,554375
132096,000000	255,223359
133120,000000	255,639688
134144,000000	256,019375
135168,000000	256,510000
136192,000000	256,944063
137216,000000	257,344687
138240,000000	257,704141
139264,000000	258,248984
140288,000000	258,683594
141312,000000	259,057812
142336,000000	259,468203
143360,000000	259,871953
144384,000000	260,217891
145408,000000	260,538672
146432,000000	260,855000
147456,000000	261,294063
148480,000000	261,718047
149504,000000	261,953047
150528,000000	262,267891
151552,000000	262,497891
152576,000000	262,823359
153600,000000	263,216953
154624,000000	263,478281
155648,000000	263,686953
156672,000000	263,937188
157696,000000	264,188984
158720,000000	264,465156
159744,000000	264,800781
160768,000000	264,863281
161792,000000	265,128359
162816,000000	265,475312
163840,000000	265,741094
164864,000000	265,838125
165888,000000	265,947422
166912,000000	266,146484
167936,000000	266,452969
168960,000000	266,609453
169984,000000	266,789375
171008,000000	266,934766
172032,000000	267,190938
173056,000000	267,244922
174080,000000	267,445703
175104,000000	267,569609
176128,000000	267,751484
177152,000000	267,839375
178176,000000	268,035547
179200,000000	268,084219
180224,000000	268,408125
181248,000000	268,435234
182272,000000	268,569297
183296,000000	268,585078
184320,000000	268,742813
185344,000000	268,850469
186368,000000	269,050000
187392,000000	269,113516
188416,000000	269,241484
189440,000000	269,313281
190464,000000	269,485000
191488,000000	269,400000
192512,000000	269,429922
193536,000000	269,727969
194560,000000	269,679141
195584,000000	269,887031
196608,000000	270,003125
197632,000000	269,931562
198656,000000	270,029766
199680,000000	270,189219
200704,000000	270,270078
201728,000000	270,313281
202752,000000	270,305156
203776,000000	270,482344
204800,000000	270,476719
205824,000000	270,571016
206848,000000	270,455469
207872,000000	270,647578
208896,000000	270,714297
209920,000000	270,688281
210944,000000	270,689687
211968,000000	270,657031
212992,000000	270,741016
214016,000000	270,922734
215040,000000	270,828437
216064,000000	270,938281
217088,000000	271,063438
218112,000000	271,041328
219136,000000	271,039063
220160,000000	271,052109
221184,000000	271,062500
222208,000000	271,020312
223232,000000	271,116016
224256,000000	271,184766
225280,000000	271,002109
226304,000000	271,153906
227328,000000	271,150312
228352,000000	271,233984
229376,000000	271,317891
230400,000000	271,236172
231424,000000	271,186562
232448,000000	271,217656
233472,000000	271,279609
234496,000000	271,217812
235520,000000	271,204297
236544,000000	271,346563
237568,000000	271,263672
238592,000000	271,259141
239616,000000	271,321094
240640,000000	271,248750
241664,000000	271,339609
242688,000000	271,386094
243712,000000	271,417969
244736,000000	271,413516
245760,000000	271,433359
246784,000000	271,272422
247808,000000	271,324844
248832,000000	271,384609
249856,000000	271,380156
250880,000000	271,228203
251904,000000	271,469531
252928,000000	271,340234
253952,000000	271,392109
254976,000000	271,340625
256000,000000	271,360625
257024,000000	271,383359
258048,000000	271,390937
259072,000000	271,357031
260096,000000	271,514844
