-0.753170
-0.066939
0.303625
0.325019
0.156171
0.179862
0.295000
-0.033283
0.224198
0.154636
0.173151
0.300508
-0.089668
-0.094676
0.037138
-0.107684
0.088878
0.042568
-0.115536
-0.480693
0.145953
-0.224681
-0.162355
-0.024567
-0.284982
-0.133620
-0.314878
-0.340087
-0.330122
-0.056909
-0.095915
-0.043406
-0.253455
-0.253946
-0.416324
-0.099152
-0.200019
0.003973
0.051225
-0.239334
-0.082174
0.049005
-0.462933
-0.282540
-0.138765
-0.137333
-0.174572
-0.130936
0.166054
-0.218409
-0.112040
0.051259
-0.152055
-0.098139
-0.061506
0.049790
-0.090286
-0.156287
-0.240005
-0.047035
-0.069233
-0.012631
-0.206817
-0.081461
0.380430
0.185494
-0.237743
0.195258
0.211776
-0.072068
0.108434
-0.322775
0.079754
-0.233805
-0.157544
-0.276504
0.308274
-0.039813
-0.099481
-0.073695
0.342143
-0.087199
-0.443643
-1.395871
3.329854
-0.405304
-0.065025
-0.465922
0.006932
-0.015379
0.217619
-0.328780
0.082162
-0.125995
0.047337
-0.217474
-0.146010
0.010259
0.402309
0.014551
0.435709
0.350767
0.273273
0.074336
0.198464
0.177926
-0.156242
0.191267
0.302587
0.328947
0.273627
0.433597
0.546774
0.240178
0.362763
-0.034865
-0.027865
0.191487
0.023844
0.392579
0.436739
0.332596
0.032118
0.075233
-0.237405
0.293519
-0.113471
-0.641484
