-0.061807
0.125819
0.149532
0.037193
-0.024851
-0.090006
-0.015856
-0.031606
0.049256
-0.124326
-0.042882
-0.259056
-0.206690
-0.247622
-0.178867
-0.166832
-0.246053
-0.189319
-0.362416
-0.435992
-0.265693
-0.330013
-0.409320
-0.343481
-0.475861
-0.389531
-0.364964
-0.363012
-0.274337
-0.200880
-0.280017
-0.124501
-0.401394
-0.173168
-0.246793
-0.231094
-0.268182
-0.156027
-0.162690
-0.243472
-0.194291
-0.224842
-0.064550
-0.252736
-0.293811
-0.255514
-0.298523
-0.213995
0.926371
-0.198621
-0.195017
-0.037731
-0.414077
-0.203731
-0.375339
-0.268262
-0.253359
-0.309305
0.860986
-0.166204
-0.369960
-0.218447
-0.255061
-0.294259
0.883255
-0.231245
0.683001
-0.302373
-0.209047
-0.122046
-0.163431
-0.331918
-0.232055
-0.243983
-0.028744
-0.249647
-0.071409
-0.311561
-0.146718
-0.242685
-0.013662
-0.163280
0.152650
10.682772
102.144611
4.579707
1.231149
0.009529
-0.017161
-0.403074
-0.092172
-0.065150
-0.192866
-0.270946
1.150907
-0.197685
-0.031482
-0.131639
-0.116288
-0.296245
-0.207754
0.016907
-0.125370
-0.118638
-0.300312
-0.164857
0.018356
-0.239520
-0.122108
-0.072936
-0.021188
-0.342626
-0.209796
-0.118477
-0.061892
-0.035991
-0.191787
-0.013421
-0.318111
0.563278
-0.098965
-0.207944
-0.211783
-0.246767
0.494648
-0.188138
-0.149540
-0.222626
