-0.463892
0.045649
0.088373
0.037101
0.153787
0.063840
0.127885
0.072232
0.116129
-0.091533
0.156726
0.049437
-0.027982
-0.097818
0.216636
0.045792
-0.024279
-0.125590
-0.164921
-0.242308
-0.080201
-0.165153
-0.055883
-0.078831
-0.081482
-0.106822
-0.266310
-0.238444
-0.089689
0.016798
-0.084206
-0.121720
-0.187878
0.113347
0.037886
-0.004475
-0.135472
0.149427
0.201798
0.018156
0.055448
0.053740
0.060163
0.046780
0.053777
-0.089752
-0.179792
0.006442
0.262048
0.223811
-0.101215
0.081914
-0.021422
0.046483
-0.081869
-0.092520
-0.006665
-0.036770
0.189477
0.136471
-0.068449
0.168962
-0.120215
-0.056723
0.111874
0.158146
0.176334
0.054194
0.205567
0.005584
0.110150
0.108625
0.113575
0.094566
0.116025
-0.055793
0.344945
0.079824
-0.021916
-0.200964
0.072066
-0.117342
-1.302474
-5.965662
43.816869
0.470332
-0.206772
-0.019640
0.114517
0.091245
0.026455
0.067457
0.428527
0.158598
0.177388
0.256774
0.181370
0.164852
0.139516
-0.040659
0.222647
0.201807
0.243199
0.283872
0.125220
0.183834
0.006408
0.111120
0.374312
0.489489
0.091584
0.019810
0.362860
0.064040
0.273604
0.221591
0.267758
0.354962
0.007557
-0.001464
0.205714
0.197479
0.134751
0.014922
0.059995
0.247410
0.045039
-0.213059
