-0.035430
0.092608
0.228079
-0.064765
-0.010125
-0.165133
-0.154987
0.018130
0.025106
-0.208235
-0.046950
-0.262145
-0.294745
-0.221824
-0.175051
-0.060123
-0.395056
-0.230519
-0.368681
-0.364191
-0.277982
-0.447956
-0.530325
-0.337578
-0.434062
-0.363699
-0.389166
-0.323400
-0.399376
-0.090160
-0.335086
-0.179659
-0.428586
-0.090592
-0.324754
-0.319225
-0.169335
-0.135215
-0.056035
-0.155729
-0.229262
-0.183068
-0.066681
-0.194934
-0.343875
-0.227536
-0.132952
-0.242242
0.829594
-0.236625
-0.386075
-0.092860
-0.255232
-0.230299
-0.475420
-0.296288
-0.272475
-0.317491
0.870962
-0.269047
-0.277137
-0.233644
-0.275928
-0.285467
0.905082
-0.191511
0.694761
-0.332395
-0.179121
-0.223220
-0.205523
-0.287993
-0.188274
-0.280041
-0.126782
-0.339621
0.017342
-0.328777
-0.160716
-0.252839
-0.005737
-0.229247
0.143307
10.802280
103.171140
4.483807
1.251922
-0.044635
-0.047266
-0.298403
-0.021427
-0.060367
-0.227990
-0.159201
1.170560
-0.020990
0.090504
-0.116833
-0.160221
-0.393275
-0.172927
-0.019136
-0.102683
-0.093758
-0.050645
-0.122913
0.154260
-0.290597
-0.138227
-0.044010
-0.094189
-0.322758
-0.180717
-0.138780
-0.009143
-0.070079
-0.183104
-0.172428
-0.295243
0.649977
-0.148864
-0.244083
-0.166032
-0.203840
0.578488
-0.177062
-0.216603
-0.096131
