-0.046965
0.172552
0.090342
0.003147
-0.094050
-0.150211
-0.030112
-0.014730
0.001022
-0.162439
-0.010126
-0.238315
-0.203890
-0.212783
-0.128157
-0.257905
-0.251226
-0.194643
-0.309772
-0.451166
-0.325915
-0.413030
-0.406482
-0.227757
-0.430114
-0.356776
-0.290208
-0.416288
-0.336385
-0.173141
-0.276135
-0.147742
-0.322751
-0.168366
-0.323722
-0.265371
-0.266335
-0.180246
-0.184884
-0.236623
-0.186484
-0.347901
-0.071650
-0.272862
-0.256004
-0.308664
-0.241814
-0.133384
0.962968
-0.157819
-0.294227
-0.037997
-0.370218
-0.136254
-0.321556
-0.355356
-0.282516
-0.415451
1.000404
-0.205144
-0.241418
-0.248804
-0.553779
-0.319506
1.028749
-0.286349
0.833450
-0.204638
-0.177303
-0.217181
-0.128715
-0.379043
-0.279175
-0.430948
-0.101776
-0.282727
-0.036728
-0.244824
-0.096838
-0.273752
-0.164664
-0.183420
0.083623
10.827952
104.217969
4.508439
1.444521
0.042223
-0.074260
-0.474143
-0.152304
-0.183163
-0.306872
-0.168197
1.288262
-0.272840
-0.032744
0.014897
-0.161324
-0.499233
-0.212925
-0.059131
-0.060711
-0.183693
-0.367396
-0.122020
0.184651
-0.332662
-0.129243
-0.104045
-0.118386
-0.292022
-0.280926
-0.155580
0.021769
-0.143989
-0.063221
-0.041684
-0.079543
0.856457
-0.181135
-0.108274
-0.179161
-0.157969
0.706925
-0.243273
-0.140754
-0.237866
