-0.109574
0.172108
-0.004048
-0.111206
-0.129460
-0.056714
0.036363
-0.074147
-0.058231
-0.256724
-0.134383
-0.207905
-0.264315
-0.249215
-0.109692
-0.113588
-0.237610
-0.246970
-0.475038
-0.415711
-0.287419
-0.452329
-0.351054
-0.223291
-0.382778
-0.256306
-0.321778
-0.460733
-0.472766
-0.332358
-0.416375
-0.161094
-0.441116
-0.054052
-0.263269
-0.225822
-0.315762
-0.166702
-0.158414
-0.183233
-0.232774
-0.243572
-0.096070
-0.065664
-0.202565
-0.252117
-0.425131
-0.181778
0.945701
-0.175306
-0.295593
0.065487
-0.360756
-0.086877
-0.380074
-0.252839
-0.269922
-0.346960
1.000077
-0.157682
-0.265871
-0.304034
-0.282538
-0.213101
0.992339
-0.178008
0.829891
-0.298097
-0.223662
-0.166692
-0.151104
-0.321541
-0.285706
-0.243597
-0.058299
-0.297073
-0.050189
-0.306362
-0.165237
-0.260359
-0.089234
-0.318698
0.115070
11.059654
104.794647
4.584005
1.434069
0.029746
0.065141
-0.375847
-0.154826
-0.068844
-0.164494
-0.258702
1.240868
-0.271290
0.078782
-0.070483
-0.285626
-0.290911
-0.305452
-0.166472
-0.050171
-0.151212
-0.193140
-0.222482
0.370727
-0.374990
-0.196728
-0.096491
-0.160606
-0.345438
-0.204396
-0.213109
-0.052698
-0.228443
-0.169632
-0.110032
-0.357856
0.781998
-0.063618
-0.175718
-0.288429
-0.175483
0.738334
-0.313650
-0.171200
-0.125648
