0.037674
0.166383
0.200036
0.073809
-0.090332
-0.058658
-0.065210
0.038867
-0.104115
-0.136708
-0.111238
-0.178630
-0.266006
-0.326986
-0.140375
-0.125372
-0.403201
-0.079967
-0.361998
-0.346440
-0.317241
-0.505211
-0.432730
-0.420736
-0.363359
-0.343922
-0.400374
-0.427456
-0.282809
-0.302216
-0.287320
-0.241866
-0.375932
-0.177784
-0.319083
-0.216599
-0.412423
-0.184445
-0.183141
-0.223979
-0.260475
-0.127394
-0.222807
-0.179241
-0.333171
-0.216879
-0.415936
-0.316512
0.981771
-0.235996
-0.290437
-0.086119
-0.366433
-0.053378
-0.415748
-0.408474
-0.285767
-0.289760
0.942312
-0.337351
-0.272505
-0.325835
-0.384305
-0.276801
1.058549
-0.203703
0.855333
-0.272873
-0.250275
-0.132511
-0.119914
-0.391184
-0.303447
-0.323275
-0.122041
-0.426803
0.036064
-0.286106
-0.327857
-0.186071
-0.129940
-0.361491
0.067435
10.974157
105.120193
4.439381
1.481369
0.078088
-0.111380
-0.395531
-0.067651
-0.004671
-0.262153
-0.208475
1.430082
-0.162135
-0.105766
-0.107129
-0.208449
-0.365544
-0.337143
-0.138339
-0.139664
-0.158965
-0.171733
-0.023419
0.429497
-0.367808
-0.157491
-0.175128
-0.182281
-0.263121
-0.237155
-0.149938
-0.004405
-0.023385
-0.120277
-0.062893
-0.165695
0.893455
-0.050193
-0.195349
-0.181307
-0.239124
0.864778
-0.182477
-0.217859
0.047682
