0.128595
0.089539
0.153153
0.024003
-0.060287
-0.161271
-0.037306
-0.035808
-0.119016
-0.225460
-0.142136
-0.179546
-0.202129
-0.259976
-0.142314
-0.109243
-0.356341
-0.290510
-0.411793
-0.407322
-0.281169
-0.472177
-0.373747
-0.293991
-0.339402
-0.440768
-0.243585
-0.354596
-0.237702
-0.305179
-0.380111
-0.239825
-0.398825
-0.081722
-0.241056
-0.300425
-0.272642
-0.194395
-0.140145
-0.167921
-0.338427
-0.139271
-0.100916
-0.138211
-0.267232
-0.339683
-0.279087
-0.251504
0.730279
-0.175036
-0.308368
-0.105084
-0.366395
-0.110396
-0.279907
-0.368556
-0.340576
-0.349630
0.708756
-0.156547
-0.372360
-0.413724
-0.247395
-0.285704
0.849963
-0.161689
0.765435
-0.230827
-0.284335
-0.142419
-0.232671
-0.372242
-0.175580
-0.263349
-0.030113
-0.369870
-0.076748
-0.192144
-0.160116
-0.130125
-0.000132
-0.230677
0.193214
11.269043
105.410314
4.457299
1.213846
0.019132
-0.038542
-0.278629
-0.048600
0.020435
-0.194226
-0.156434
1.112582
-0.229988
-0.149756
-0.146076
-0.170526
-0.307656
-0.068511
-0.015471
-0.155773
-0.112983
-0.210687
-0.083172
0.275541
-0.349836
-0.050602
-0.115267
-0.239381
-0.353044
-0.297023
-0.013033
-0.000386
0.021627
-0.154269
-0.077806
-0.207546
0.616800
-0.214111
-0.177396
-0.315064
-0.196147
0.574175
-0.221429
-0.153978
-0.033163
