-0.090964
0.133719
0.208278
-0.003815
-0.069884
-0.162959
-0.118874
0.033324
-0.170576
-0.302125
-0.171707
-0.168218
-0.390593
-0.296563
-0.050107
-0.107811
-0.407831
-0.199417
-0.440473
-0.385936
-0.298837
-0.443906
-0.343439
-0.336432
-0.479886
-0.453445
-0.381048
-0.363237
-0.333323
-0.331665
-0.448748
-0.311426
-0.513484
-0.082402
-0.269646
-0.266254
-0.271129
-0.207045
-0.204687
-0.196550
-0.269242
-0.238941
-0.192429
-0.222752
-0.319843
-0.278438
-0.429584
-0.301063
0.990263
-0.113707
-0.274991
-0.106743
-0.483029
0.100411
-0.346401
-0.281242
-0.304329
-0.417327
0.948837
-0.213985
-0.399081
-0.213485
-0.468730
-0.278336
1.044822
-0.224366
0.918299
-0.319435
-0.313978
-0.186025
-0.195524
-0.330862
-0.290094
-0.356935
-0.208678
-0.443504
-0.131486
-0.230832
-0.231650
-0.275676
-0.072607
-0.180295
0.053761
11.394845
105.975293
4.552652
1.499623
0.020580
-0.080177
-0.378153
-0.116234
-0.049255
-0.199894
-0.310908
1.414262
-0.225619
-0.049467
-0.126743
-0.151290
-0.298393
-0.240774
-0.189903
-0.018580
-0.175539
-0.423121
-0.097978
0.524006
-0.330399
-0.097208
-0.070939
0.079738
-0.292778
-0.226622
-0.169567
-0.073013
-0.099991
-0.074049
-0.056602
-0.170375
1.007359
-0.077942
-0.203043
-0.116025
-0.165807
0.971600
-0.258058
-0.024752
-0.037132
