0.124852
0.133620
0.075322
-0.001754
-0.113852
-0.116965
-0.087899
-0.110480
-0.080659
-0.157101
-0.220655
-0.121135
-0.267506
-0.331287
-0.226798
-0.216719
-0.336666
-0.090339
-0.363189
-0.423668
-0.425416
-0.550303
-0.467929
-0.351222
-0.389697
-0.317257
-0.311825
-0.284947
-0.302064
-0.258632
-0.286626
-0.326206
-0.431126
-0.210125
-0.334352
-0.229988
-0.307903
-0.236877
-0.152658
-0.219354
-0.301912
-0.232759
-0.248255
-0.162716
-0.369505
-0.220295
-0.394265
-0.256891
0.865454
-0.077606
-0.268826
-0.165646
-0.462641
-0.002160
-0.447033
-0.415809
-0.173167
-0.385014
0.793021
-0.342732
-0.248920
-0.266255
-0.266700
-0.333089
0.950096
-0.244112
0.884751
-0.243251
-0.224853
-0.114024
-0.148345
-0.353578
-0.285875
-0.404593
-0.096633
-0.371151
-0.109460
-0.243515
-0.257399
-0.271506
-0.060650
-0.220035
0.125506
11.414215
106.421474
4.508100
1.362508
0.118246
-0.103075
-0.439781
-0.072218
-0.090159
-0.256610
-0.316774
1.320236
-0.222542
-0.115393
-0.094729
-0.300896
-0.295012
-0.180770
-0.064992
-0.041456
-0.196449
-0.196239
-0.152788
0.476202
-0.165361
-0.109095
0.054030
-0.099048
-0.234608
-0.261530
-0.272333
0.001907
-0.140896
-0.197814
-0.036493
-0.120177
0.850964
-0.144839
-0.078009
-0.206700
-0.091721
0.810366
-0.150027
-0.174448
0.105941
