0.051331
0.089198
0.181884
-0.116263
-0.012523
-0.116689
0.012287
-0.148983
-0.057217
-0.294730
-0.151331
-0.161915
-0.225402
-0.354045
-0.123635
-0.165390
-0.398558
-0.182036
-0.329150
-0.438577
-0.219459
-0.592268
-0.435051
-0.354115
-0.352727
-0.449048
-0.294790
-0.245868
-0.347976
-0.292248
-0.486321
-0.196074
-0.341203
-0.108876
-0.455116
-0.209886
-0.341598
-0.171636
-0.144282
-0.244045
-0.373629
-0.177556
-0.213915
-0.212420
-0.332445
-0.356944
-0.265086
-0.163785
0.875714
-0.238241
-0.219820
-0.059404
-0.489429
0.124924
-0.337177
-0.407673
-0.374797
-0.317957
0.930196
-0.397505
-0.263741
-0.247066
-0.451350
-0.234032
0.989403
-0.222884
0.945826
-0.284101
-0.280535
-0.132787
-0.204053
-0.420359
-0.228680
-0.331505
-0.145270
-0.476944
-0.013098
-0.216430
-0.310067
-0.252337
-0.067208
-0.290752
0.069146
11.723149
106.757749
4.575957
1.407156
0.071689
-0.102681
-0.358720
-0.076794
-0.068799
-0.294360
-0.228581
1.399768
-0.220125
-0.106871
-0.049450
-0.309607
-0.336922
-0.113569
-0.121514
-0.100060
-0.213086
-0.279765
-0.183439
0.593680
-0.335041
-0.128772
-0.195324
-0.164635
-0.228496
-0.316215
-0.093209
0.034307
-0.092573
-0.069684
-0.007254
-0.234916
0.923982
-0.182509
-0.167722
-0.190441
-0.303272
0.864331
-0.251661
-0.169229
0.001391
