0.057393
0.118617
0.161261
-0.038743
-0.133741
-0.311769
0.034044
-0.180401
-0.156530
-0.264148
-0.150631
-0.230039
-0.175689
-0.372406
-0.167704
-0.238714
-0.278811
-0.295322
-0.485294
-0.372025
-0.393591
-0.540540
-0.443073
-0.261453
-0.312918
-0.369374
-0.315151
-0.329204
-0.403115
-0.304632
-0.371688
-0.253463
-0.428379
-0.303981
-0.392320
-0.275010
-0.302107
-0.192835
-0.190482
-0.306312
-0.199022
-0.206794
-0.204301
-0.218676
-0.306577
-0.258409
-0.370531
-0.357847
0.756761
-0.225298
-0.309949
-0.070722
-0.372815
0.053768
-0.361263
-0.335045
-0.390019
-0.328170
0.763177
-0.290711
-0.286014
-0.317098
-0.399750
-0.333208
0.884211
-0.228033
0.874875
-0.329173
-0.124810
-0.183012
-0.218227
-0.320566
-0.266843
-0.277689
-0.110566
-0.385255
-0.007281
-0.310432
-0.205536
-0.155886
-0.036665
-0.275160
0.194072
11.824776
106.740908
4.535480
1.303297
0.125156
0.008865
-0.382810
-0.106220
-0.104140
-0.225276
-0.269726
1.278392
-0.209362
-0.040350
-0.089632
-0.137982
-0.280130
-0.206585
-0.097820
0.016666
-0.155270
-0.147225
-0.178641
0.571051
-0.326153
-0.121771
-0.064425
0.006875
-0.218667
-0.277215
-0.160443
0.004116
-0.048829
-0.062744
-0.103135
-0.241111
0.855895
0.063096
-0.134818
-0.258577
-0.227633
0.789384
-0.159833
-0.131509
0.005765
