0.095845
0.188215
0.111306
-0.082632
-0.146946
-0.156029
-0.104870
-0.034873
-0.128670
-0.227160
-0.068917
-0.193046
-0.311835
-0.336659
-0.195076
-0.156171
-0.288909
-0.254415
-0.305645
-0.448408
-0.344635
-0.489871
-0.510332
-0.282598
-0.418237
-0.441549
-0.487248
-0.393462
-0.340639
-0.294936
-0.393898
-0.288570
-0.462631
-0.170702
-0.457929
-0.250350
-0.277417
-0.197196
-0.232810
-0.185911
-0.285294
-0.157069
-0.186063
-0.162283
-0.337959
-0.251684
-0.381735
-0.201361
0.683518
-0.230955
-0.325165
-0.059984
-0.309230
0.038418
-0.293531
-0.369089
-0.326387
-0.463375
0.757533
-0.259146
-0.380141
-0.273543
-0.389068
-0.288498
0.928215
-0.200254
0.878237
-0.207375
-0.184965
-0.195298
-0.130537
-0.363175
-0.217147
-0.396119
-0.073098
-0.347734
-0.153392
-0.264817
-0.148891
-0.149985
-0.097555
-0.219406
0.203700
12.057892
107.237704
4.562357
1.330191
0.080534
-0.060394
-0.335185
-0.149206
-0.178682
-0.270797
-0.244256
1.237083
-0.294971
-0.036901
-0.110986
-0.273804
-0.335241
-0.226572
-0.005984
-0.134374
-0.182672
-0.170350
-0.004042
0.566672
-0.272347
-0.149036
-0.053817
-0.000157
-0.283409
-0.256272
-0.141507
0.027960
-0.172183
-0.101222
-0.141480
-0.162394
0.834090
-0.059771
-0.250787
-0.213944
-0.140880
0.729925
-0.155012
-0.170849
0.067055
