-0.358280
-0.050538
0.101286
0.000854
0.036674
0.097369
0.120591
0.071008
0.042918
-0.181564
-0.024137
0.025387
-0.106118
-0.107133
0.085627
-0.042148
-0.146223
-0.181688
-0.258910
-0.256531
-0.157258
-0.337299
-0.168853
-0.119905
-0.128528
-0.196866
-0.193532
-0.189666
-0.075738
-0.023376
-0.155257
-0.055885
-0.285857
0.093331
-0.121007
-0.126600
-0.089637
0.026594
0.024861
-0.065971
-0.046515
-0.108333
-0.056748
-0.040218
-0.118179
-0.070794
-0.149914
-0.150426
0.171014
0.002942
-0.074438
0.118901
-0.096393
-0.136434
-0.081892
-0.060494
-0.149553
-0.202766
0.188425
0.015683
0.087307
0.054076
-0.070319
0.000299
0.094745
-0.007728
0.059308
-0.114679
0.126539
-0.173283
-0.064704
-0.165094
0.077466
-0.026254
0.074025
-0.116865
0.278930
-0.071959
0.113002
-0.014140
0.061128
-0.290349
-0.891299
0.296689
66.981276
1.793359
0.138719
-0.013738
0.178398
0.143375
-0.134531
-0.023491
0.211819
0.075489
0.035344
-0.013047
0.109320
0.164866
0.071522
-0.064714
0.122855
0.228692
0.131218
0.082982
-0.054613
0.022797
-0.040640
0.056181
0.213450
0.177747
0.043577
-0.018124
0.324787
-0.007891
0.124570
0.119766
0.099696
0.375911
-0.012505
0.012450
0.207599
0.071622
-0.038275
0.149684
0.166689
0.158452
0.018106
-0.202158
