-0.331939
-0.058212
0.273175
-0.105811
-0.040153
-0.168234
-0.018245
-0.046668
-0.016052
-0.204513
-0.002203
-0.048533
-0.167155
-0.338733
0.020747
0.028770
-0.082486
-0.157628
-0.333816
-0.412223
-0.290008
-0.499954
-0.341556
-0.168898
-0.286438
-0.205979
-0.305370
-0.340412
-0.164692
-0.225155
-0.216303
-0.125875
-0.302925
0.042383
-0.157956
-0.225416
-0.232407
0.017504
-0.020153
-0.179748
-0.064576
-0.166222
-0.018834
-0.096163
-0.139213
-0.066884
-0.121125
-0.145461
0.149003
-0.087867
-0.134393
0.114809
-0.101643
-0.125094
-0.210773
-0.046617
-0.079722
-0.286687
0.082523
0.057496
-0.153572
-0.065826
-0.139454
0.004138
0.076857
-0.096641
0.014383
-0.015955
0.026424
-0.035446
0.007147
-0.043377
-0.012596
0.001486
0.112791
-0.176946
0.062079
0.011841
0.054899
-0.093118
0.183875
-0.101491
-0.537935
3.640226
77.646067
2.827176
0.270941
0.168059
0.037547
0.022221
-0.092471
0.017527
0.181594
-0.061498
0.106706
-0.012136
0.222062
0.137754
0.073421
-0.188574
0.212438
0.261334
0.130196
-0.005973
0.050934
0.043760
-0.074880
0.047937
0.150391
0.123732
0.050725
-0.016277
0.186637
-0.010921
0.068610
0.206499
0.090666
0.100156
0.062313
-0.069266
0.073707
0.063489
-0.123057
-0.070066
-0.036973
0.070337
0.030165
-0.124023
