-0.168024
0.106785
0.229458
0.059375
0.072188
0.151053
0.165158
0.060609
0.150342
-0.201049
-0.075635
-0.091950
-0.070620
-0.132404
0.043207
-0.060728
-0.134825
-0.121300
-0.368254
-0.292867
-0.273537
-0.299701
-0.377000
-0.171332
-0.311715
-0.189392
-0.273868
-0.284948
-0.247006
-0.128597
-0.211667
-0.144255
-0.343310
-0.039014
-0.224394
-0.096059
-0.230881
-0.144754
-0.023573
-0.086364
-0.116954
-0.048862
-0.108262
-0.128601
-0.128675
-0.161235
-0.147472
-0.237871
0.156523
-0.116376
-0.055924
-0.026477
-0.173837
-0.142966
-0.306067
-0.221874
-0.166134
-0.242170
0.018173
-0.152717
-0.183709
-0.183095
-0.202646
-0.192041
0.105225
-0.175000
0.039845
-0.092327
0.016221
-0.107015
-0.081287
-0.168739
0.015091
-0.176658
0.036497
-0.161288
0.024873
-0.172469
-0.115240
-0.221382
0.014525
-0.039317
-0.241829
5.908207
84.956109
3.359231
0.316881
0.141398
-0.024786
-0.277611
-0.063172
-0.061022
-0.012454
0.013160
0.174606
-0.038550
0.225564
0.006523
0.018046
-0.226956
-0.014624
0.231130
0.105717
-0.033341
-0.054246
0.124147
-0.098075
-0.076205
0.055143
0.059391
-0.011902
-0.161510
0.180541
-0.125298
0.134089
0.015257
0.203074
0.012023
0.026853
-0.114869
0.069343
-0.071754
-0.041714
-0.084390
0.044487
-0.000829
-0.127288
-0.153812
