-0.284747
0.104648
0.067271
0.084025
-0.012201
-0.059273
0.002789
-0.103731
0.028018
-0.027521
0.036733
0.006483
-0.108067
-0.270812
-0.043342
-0.090196
-0.291182
-0.163490
-0.340708
-0.306343
-0.261140
-0.393144
-0.300698
-0.184873
-0.251359
-0.331693
-0.261321
-0.334316
-0.251550
-0.202081
-0.350982
-0.148843
-0.299822
-0.190488
-0.234920
-0.168413
-0.135517
-0.078406
-0.122974
-0.153773
-0.119530
-0.101257
-0.087797
-0.093082
-0.186192
-0.090778
-0.268918
-0.179359
0.261789
-0.019875
-0.208289
0.016872
-0.225475
-0.210088
-0.257803
-0.201573
-0.250396
-0.251666
0.176297
-0.083468
-0.087464
-0.199721
-0.079288
-0.172716
0.098764
-0.189544
-0.022590
-0.075795
-0.064372
-0.148237
-0.077697
-0.191228
-0.144436
-0.165371
-0.021938
-0.281745
0.087100
-0.189946
-0.061986
-0.156027
0.125969
-0.063545
-0.023354
7.610299
90.573609
3.840142
0.461637
0.113235
0.022563
-0.323471
-0.001494
-0.021451
-0.194063
-0.111430
0.331411
-0.089032
0.260981
0.031916
-0.026605
-0.203532
0.008726
0.059685
-0.130543
-0.047928
-0.103661
0.062710
-0.106873
-0.203622
-0.003443
0.018985
0.021599
-0.080131
0.051761
-0.156854
0.096681
0.045643
-0.118225
0.087213
-0.083467
-0.030437
0.128609
-0.083216
-0.134113
-0.073964
0.047805
0.095444
-0.038892
-0.116864
