-0.137868
0.151711
0.141288
-0.026890
-0.120071
-0.062254
0.023806
0.088207
-0.043903
-0.112451
0.013963
-0.129398
-0.231932
-0.257775
-0.076222
-0.127044
-0.100270
-0.229532
-0.316620
-0.411208
-0.244021
-0.395026
-0.312673
-0.246688
-0.391193
-0.318775
-0.186516
-0.229475
-0.359426
-0.173091
-0.312073
-0.263636
-0.330767
-0.004580
-0.201022
-0.104442
-0.236331
-0.096293
-0.165956
-0.198640
-0.239339
-0.173055
-0.108659
-0.176943
-0.216075
-0.159686
-0.256862
-0.145283
0.441482
-0.107886
-0.250249
0.010039
-0.225267
-0.274927
-0.220631
-0.241431
-0.310435
-0.345595
0.499993
-0.141271
-0.258369
-0.202670
-0.212222
-0.108680
0.355540
-0.190444
0.086349
-0.135644
-0.083258
-0.140272
-0.158544
-0.138236
-0.154302
-0.270203
0.002116
-0.203745
0.176022
-0.089013
-0.012872
-0.023983
0.009104
-0.185368
0.003752
8.750857
94.027027
4.073019
0.518603
0.142224
0.088594
-0.294340
-0.104413
-0.001505
-0.107109
0.054532
0.362352
-0.088051
0.081294
-0.154859
-0.075474
-0.196524
-0.132124
-0.022119
-0.100610
-0.107799
-0.040643
-0.020004
-0.212621
-0.246631
0.117451
-0.026022
-0.027199
-0.182023
-0.033094
-0.116708
-0.032110
0.077635
0.116691
0.021229
-0.176362
-0.102327
0.042835
-0.037379
-0.122077
-0.024008
-0.081092
0.041548
-0.159713
-0.151813
