-0.088886
0.053030
0.343207
-0.088621
0.104957
-0.064916
0.093114
0.086406
-0.026614
-0.140217
0.012135
-0.124182
-0.171709
-0.341368
0.012011
-0.043848
-0.218864
-0.149369
-0.287582
-0.270080
-0.247724
-0.240907
-0.309281
-0.207431
-0.368943
-0.368304
-0.244057
-0.383152
-0.274407
-0.263802
-0.285886
-0.105430
-0.339501
-0.053178
-0.241551
-0.222064
-0.196173
-0.097026
-0.101710
-0.187412
-0.231058
-0.142935
-0.081360
-0.131655
-0.217702
-0.143466
-0.275651
-0.107065
0.712710
-0.131570
-0.245987
-0.066522
-0.292015
-0.263827
-0.276426
-0.123197
-0.225227
-0.232356
0.752219
-0.195879
-0.321955
-0.311356
-0.244847
-0.309168
0.575620
-0.153223
0.194429
-0.241393
-0.123021
-0.190956
-0.153333
-0.354741
-0.194095
-0.228855
-0.160470
-0.447214
-0.036426
-0.282625
-0.111553
-0.178702
0.007350
-0.219197
0.093810
9.915930
97.100747
4.493856
0.851610
0.059492
-0.071883
-0.362077
-0.062225
-0.048112
-0.077796
-0.217974
0.640314
-0.114764
0.164563
-0.095641
-0.280045
-0.316124
-0.093006
-0.014052
-0.144246
-0.132507
-0.091379
-0.143862
-0.264529
-0.203541
-0.095148
0.003142
-0.141009
-0.314716
-0.075763
-0.165495
0.027986
-0.051057
-0.068955
0.020497
-0.023474
-0.032213
-0.028861
-0.172932
-0.130907
-0.066764
-0.006921
-0.199134
-0.149487
-0.360560
