-0.045056
0.082811
0.074382
-0.032751
0.043865
-0.178085
-0.007041
-0.060576
0.044185
-0.324128
-0.089828
-0.233292
-0.293716
-0.330532
-0.007177
-0.030195
-0.211074
-0.212443
-0.379514
-0.327247
-0.317881
-0.481816
-0.413421
-0.283549
-0.433115
-0.318643
-0.261197
-0.273406
-0.350383
-0.225870
-0.444776
-0.020690
-0.450461
-0.160374
-0.274767
-0.195319
-0.222286
-0.271055
-0.061965
-0.204637
-0.328104
-0.188183
-0.118488
-0.071112
-0.268893
-0.253601
-0.392540
-0.316996
0.772478
-0.213660
-0.203217
0.035084
-0.248257
-0.312018
-0.312520
-0.245366
-0.128525
-0.357488
0.800982
-0.168143
-0.212230
-0.231570
-0.261291
-0.358414
0.748295
-0.136537
0.416022
-0.245485
-0.115171
-0.114272
-0.142511
-0.267075
-0.174297
-0.282178
-0.057805
-0.258577
0.058304
-0.179855
-0.018766
-0.204878
-0.058848
-0.107362
0.185498
10.459966
99.593488
4.575510
1.090193
0.106269
0.045671
-0.293433
-0.091382
-0.113350
-0.234970
-0.100190
0.935877
-0.152916
0.004422
-0.105735
-0.082307
-0.387450
-0.088107
-0.020127
-0.127463
-0.191669
-0.218615
0.005900
-0.267901
-0.270620
-0.060304
-0.066984
-0.074223
-0.249916
-0.000104
-0.150641
-0.039062
-0.048164
-0.047060
-0.073530
-0.292116
0.364276
-0.030166
-0.116111
-0.329788
-0.128873
0.186665
-0.142309
-0.197598
-0.260961
