-0.047633
0.084301
0.072946
-0.078224
-0.003602
-0.055608
-0.021461
-0.067954
-0.022281
-0.184705
-0.018363
-0.145759
-0.225300
-0.257138
-0.148472
0.001416
-0.251371
-0.202975
-0.377011
-0.245777
-0.309296
-0.513254
-0.401827
-0.211128
-0.294703
-0.340072
-0.307536
-0.384596
-0.305939
-0.121462
-0.299445
-0.221094
-0.455951
-0.165693
-0.244163
-0.318523
-0.204762
-0.153576
-0.096400
-0.188104
-0.312660
-0.203481
-0.133997
-0.111464
-0.303307
-0.216977
-0.370065
-0.231581
0.918323
-0.152159
-0.186678
-0.053268
-0.424424
-0.342614
-0.282937
-0.313672
-0.308861
-0.360903
0.955839
-0.139596
-0.326620
-0.193050
-0.247451
-0.207842
0.805077
-0.249816
0.565637
-0.275873
-0.229451
-0.088709
-0.241929
-0.276313
-0.238596
-0.309478
-0.172075
-0.441803
-0.063850
-0.320048
-0.240948
-0.189132
0.015763
-0.235724
0.167947
10.595265
101.357045
4.580581
1.236632
0.220766
-0.095513
-0.325709
-0.075838
-0.070699
-0.243250
-0.143413
1.104295
-0.095277
-0.022924
-0.061437
-0.260531
-0.400622
-0.079523
-0.051547
-0.116002
-0.084189
-0.124870
-0.151329
-0.163890
-0.218075
-0.117489
-0.109352
-0.051642
-0.243301
-0.072272
-0.147094
-0.010632
-0.069409
-0.127288
-0.144883
-0.264728
0.535657
-0.051409
-0.174469
-0.250298
-0.176180
0.380195
-0.154500
-0.170132
-0.232392
